98
-53 98
50 55
-77 55
2 -96
-54 -72
37 84
10 -86
-28 -70
-60 -29
72 60
13 -61
96 -59
80 43
-92 -95
-57 9
90 -99
78 44
-39 89
-36 44
-1 -77
97 55
38 -56
-65 49
17 -7
52 46
24 63
-96 1
-93 79
86 -65
89 58
23 61
21 -48
-51 -90
-74 -73
43 -12
-53 44
31 53
-41 96
73 -2
-6 11
76 64
26 48
-52 -5
-48 -94
-55 -36
-46 -9
-99 -5
-42 -99
67 -71
13 -13
-25 54
-89 -100
-76 80
81 37
-39 52
-79 99
-80 9
-86 -21
91 -96
-57 3
-78 -82
-20 66
98 -51
-3 -81
28 -18
-50 21
-48 -62
-89 -45
53 54
-89 61
32 -1
13 43
-28 83
93 59
90 -96
32 78
98 71
44 33
-15 82
-85 -89
-10 -78
-92 1
78 58
24 56
18 -67
-28 -92
85 -58
94 9
74 79
37 6
-55 34
-64 -83
85 -84
35 -9
-7 42
60 97
-2 7
-92 -2
